1000
454
123
590
125
118
357
524
315
692
103
513
832
144
257
353
888
49
843
51
161
848
746
452
420
356
836
368
285
570
981
337
402
9
479
410
471
908
96
680
366
57
922
483
824
302
894
271
572
107
634
375
573
656
182
175
464
750
927
611
845
740
449
340
229
844
668
333
631
931
742
591
263
26
651
140
956
185
306
434
595
289
994
173
70
800
910
12
21
823
532
737
926
397
827
566
81
160
972
929
279
704
584
41
480
112
638
378
110
884
30
63
20
85
281
754
717
582
3
94
792
395
450
354
346
720
877
632
311
762
243
341
274
17
811
80
393
293
155
39
373
640
703
150
478
268
663
999
889
752
445
10
996
741
61
711
938
129
516
669
514
745
666
559
206
783
142
645
427
535
84
853
105
838
683
837
400
201
211
890
224
486
569
418
511
561
747
719
860
284
904
915
171
18
323
681
804
162
541
320
998
109
684
705
759
178
565
379
964
756
764
628
643
826
331
119
423
948
872
984
633
943
739
697
72
158
46
782
114
153
325
715
562
215
974
126
291
886
831
230
33
557
721
586
190
696
887
233
135
813
529
635
885
394
71
968
787
727
241
389
781
362
327
506
335
104
973
897
627
520
501
19
726
319
830
295
835
101
517
806
456
518
34
500
574
954
99
317
477
699
731
260
242
698
433
442
372
165
790
203
74
842
43
409
864
218
424
751
220
567
766
581
25
577
269
797
901
788
777
492
601
493
612
869
228
411
494
937
799
652
891
69
650
818
254
205
497
749
761
847
508
873
575
700
347
463
563
419
755
121
8
11
685
771
670
132
607
487
723
975
695
425
905
439
470
405
600
53
249
536
303
438
245
722
294
223
555
398
1000
35
45
769
965
387
407
329
624
548
610
647
547
5
629
358
940
694
551
854
37
564
686
568
733
265
510
264
738
512
100
798
966
916
909
16
933
553
609
583
861
4
515
971
388
234
391
404
237
330
839
187
98
653
13
485
803
571
863
364
208
833
896
924
210
62
458
6
297
469
156
300
414
589
60
392
578
718
336
286
712
441
667
605
674
608
550
334
858
292
527
534
893
250
596
828
671
819
503
384
428
794
247
775
189
496
796
111
504
963
876
805
743
7
932
371
365
944
949
77
898
106
679
507
65
88
934
240
623
580
882
993
626
639
455
618
290
316
730
239
989
987
807
519
482
776
459
426
523
962
167
678
352
217
179
355
728
332
108
252
23
172
979
82
349
465
216
939
661
78
995
644
307
451
413
983
75
66
97
431
422
925
86
489
556
763
538
543
736
131
151
985
919
953
821
814
262
124
466
978
308
117
688
950
744
176
880
89
621
665
246
143
313
415
476
630
490
816
359
222
593
558
383
829
460
429
554
350
102
2
815
113
440
662
748
200
521
157
801
15
673
617
287
457
236
961
390
351
183
412
693
672
136
484
322
27
846
298
825
502
702
658
531
874
585
137
868
735
326
649
770
169
255
196
724
194
138
913
991
641
597
231
802
778
902
997
895
789
79
903
47
448
345
146
706
579
606
760
540
921
421
526
765
757
690
181
841
988
767
159
659
328
168
184
134
682
127
725
544
432
914
930
716
646
498
416
852
982
399
310
443
907
849
713
539
992
906
491
560
275
546
840
883
370
865
369
147
437
221
195
822
116
92
537
468
261
266
56
277
348
959
174
866
52
637
130
675
48
732
473
288
226
283
186
660
710
820
708
772
214
923
488
367
851
251
374
552
213
655
163
900
50
128
278
435
709
870
977
59
614
505
793
495
928
613
592
850
312
324
960
654
408
363
522
599
920
625
780
812
576
528
321
808
447
942
446
361
55
533
381
314
810
620
192
542
779
197
219
73
602
152
936
809
461
212
270
166
636
912
382
396
133
339
687
603
76
758
256
198
276
714
227
436
377
530
664
615
244
689
867
305
753
855
32
22
177
385
857
202
467
691
225
918
267
1
54
31
976
525
141
115
677
170
911
859
122
784
417
191
253
545
164
259
58
945
296
91
817
774
549
768
344
791
785
248
509
892
616
588
648
95
67
282
946
235
318
304
657
986
881
453
139
301
44
338
958
475
64
232
376
343
90
935
386
481
462
14
642
594
29
474
676
786
272
68
499
145
273
834
342
209
967
871
990
299
862
40
148
604
444
957
899
707
980
955
380
598
472
280
917
879
406
401
969
120
701
154
28
403
951
947
24
87
93
149
587
83
878
773
795
258
36
729
204
180
207
734
309
430
952
360
199
38
856
622
188
42
875
238
193
970
619
941
